0.001647253375 0.002790776730 -0.000535155724 0.002790776730 0.005112852640 -0.003310527814 -0.000535155724 -0.003310527814 0.000331961403
0.001532820658 0.002758455088 -0.000587860743 0.002758455088 0.005047513896 -0.003287865850 -0.000587860743 -0.003287865850 0.000315088820
0.001335737956 0.002671373486 -0.000652096034 0.002671373486 0.004931166759 -0.003261983415 -0.000652096034 -0.003261983415 0.000288923675
0.001077875343 0.002543601153 -0.000723708234 0.002543601153 0.004774924935 -0.003231957377 -0.000723708234 -0.003231957377 0.000255838885
0.000787923204 0.002386857072 -0.000798445473 0.002386857072 0.004591806007 -0.003196009602 -0.000798445473 -0.003196009602 0.000218651374
0.000493230210 0.002214200304 -0.000872743383 0.002214200304 0.004396048475 -0.003153580269 -0.000872743383 -0.003153580269 0.000181381156
0.000212335016 0.002037104865 -0.000943341294 0.002037104865 0.004198810553 -0.003106937911 -0.000943341294 -0.003106937911 0.000148850830
-0.000035597802 0.001863333971 -0.001009702325 0.001863333971 0.004004317750 -0.003051458493 -0.001009702325 -0.003051458493 0.000118867704
-0.000246577608 0.001700972720 -0.001067196914 0.001700972720 0.003820000737 -0.002989529592 -0.001067196914 -0.002989529592 0.000091631484
-0.000418189750 0.001552419878 -0.001114482225 0.001552419878 0.003645642819 -0.002922971422 -0.001114482225 -0.002922971422 0.000069681183
-0.000555443842 0.001416943337 -0.001152234965 0.001416943337 0.003482624010 -0.002852823266 -0.001152234965 -0.002852823266 0.000052294779
-0.000663254951 0.001291148832 -0.001179516653 0.001291148832 0.003330740789 -0.002779355737 -0.001179516653 -0.002779355737 0.000039369450
-0.000750969667 0.001175751448 -0.001199583969 0.001175751448 0.003188940240 -0.002701500547 -0.001199583969 -0.002701500547 0.000030145503
-0.000824708996 0.001072702009 -0.001214626712 0.001072702009 0.003059332493 -0.002620289887 -0.001214626712 -0.002620289887 0.000024702547
-0.000896838598 0.000987478209 -0.001229880139 0.000987478209 0.002941539921 -0.002540122464 -0.001229880139 -0.002540122464 0.000022928209
-0.000968949446 0.000920819148 -0.001243312019 0.000920819148 0.002835475038 -0.002457903925 -0.001243312019 -0.002457903925 0.000026568864
-0.001037597555 0.000868770319 -0.001252968927 0.000868770319 0.002739819985 -0.002374557050 -0.001252968927 -0.002374557050 0.000031569723
-0.001097639493 0.000828786005 -0.001263859615 0.000828786005 0.002661653290 -0.002290348988 -0.001263859615 -0.002290348988 0.000048923918
-0.001107709630 0.000798403509 -0.001270371752 0.000798403509 0.002654442844 -0.002201129672 -0.001270371752 -0.002201129672 0.000127908296
-0.000822956516 0.000781779505 -0.001237335044 0.000781779505 0.003042166663 -0.002073729779 -0.001237335044 -0.002073729779 0.000558738666
0.000205346577 0.000785823461 -0.001094625475 0.000785823461 0.004414054566 -0.001846183550 -0.001094625475 -0.001846183550 0.001859011520
0.000122220400 0.000783784758 -0.001117881284 0.000783784758 0.004304609382 -0.001778512548 -0.001117881284 -0.001778512548 0.001833783320
-0.000880072702 0.000772580121 -0.001276651560 0.000772580121 0.002981019100 -0.001845559298 -0.001276651560 -0.001845559298 0.000728581339
-0.001340326269 0.000776014049 -0.001356073573 0.000776014049 0.002394545208 -0.001836464155 -0.001356073573 -0.001836464155 0.000267240633
-0.001492697017 0.000789362416 -0.001391802233 0.000789362416 0.002218415396 -0.001784039685 -0.001391802233 -0.001784039685 0.000153736470
-0.001554460855 0.000818717530 -0.001413607840 0.000818717530 0.002166769699 -0.001730655119 -0.001413607840 -0.001730655119 0.000151348735
-0.001582424067 0.000855006389 -0.001433842577 0.000855006389 0.002164326391 -0.001684761875 -0.001433842577 -0.001684761875 0.000181241846
-0.001573969501 0.000899158137 -0.001458162956 0.000899158137 0.002203374060 -0.001649975184 -0.001458162956 -0.001649975184 0.000225826149
-0.001529056558 0.000955000808 -0.001491786703 0.000955000808 0.002282892623 -0.001624598631 -0.001491786703 -0.001624598631 0.000278741228
-0.001446499619 0.001030168782 -0.001534332568 0.001030168782 0.002400401068 -0.001608524165 -0.001534332568 -0.001608524165 0.000344562948
-0.001319117285 0.001133961426 -0.001590549253 0.001133961426 0.002545529849 -0.001596815149 -0.001590549253 -0.001596815149 0.000414105330
-0.001161697556 0.001259987028 -0.001661928313 0.001259987028 0.002694031972 -0.001587391950 -0.001661928313 -0.001587391950 0.000472999290
-0.000988500295 0.001407299922 -0.001748836139 0.001407299922 0.002819601239 -0.001577512014 -0.001748836139 -0.001577512014 0.000501461057
-0.000823413057 0.001572257950 -0.001851270864 0.001572257950 0.002902846586 -0.001564773400 -0.001851270864 -0.001564773400 0.000494103336
-0.000688302563 0.001742275139 -0.001963884598 0.001742275139 0.002931936057 -0.001541942997 -0.001963884598 -0.001541942997 0.000449237453
-0.000618943000 0.001902512625 -0.002073914987 0.001902512625 0.002901378911 -0.001514240459 -0.002073914987 -0.001514240459 0.000365002328
-0.000650485717 0.002035234861 -0.002167531989 0.002035234861 0.002805438072 -0.001471485996 -0.002167531989 -0.001471485996 0.000242528313
-0.000783447333 0.002122945764 -0.002241426751 0.002122945764 0.002643802163 -0.001412069874 -0.002241426751 -0.001412069874 0.000081067359
-0.000986296919 0.002153361637 -0.002299386003 0.002153361637 0.002420494223 -0.001341922700 -0.002299386003 -0.001341922700 -0.000105412763
-0.001208787845 0.002136441491 -0.002342140577 0.002136441491 0.002153730547 -0.001271714773 -0.002342140577 -0.001271714773 -0.000301024864
-0.001398236124 0.002094189325 -0.002367620471 0.002094189325 0.001877538138 -0.001203697342 -0.002367620471 -0.001203697342 -0.000485998020
-0.001525166427 0.002040506380 -0.002375237842 0.002040506380 0.001626458492 -0.001134020430 -0.002375237842 -0.001134020430 -0.000643617618
-0.001577263928 0.001976239673 -0.002363828816 0.001976239673 0.001420090285 -0.001061448137 -0.002363828816 -0.001061448137 -0.000769397273
-0.001529071546 0.001888921320 -0.002326297545 0.001888921320 0.001286005652 -0.000981777092 -0.002326297545 -0.000981777092 -0.000861414967
-0.001365109606 0.001763122921 -0.002253136685 0.001763122921 0.001257333877 -0.000876650983 -0.002253136685 -0.000876650983 -0.000893123062
-0.001037814406 0.001581041794 -0.002132059727 0.001581041794 0.001397403930 -0.000742196728 -0.002132059727 -0.000742196728 -0.000804460720
-0.000442144209 0.001320622761 -0.001954119000 0.001320622761 0.001798833576 -0.000589115820 -0.001954119000 -0.000589115820 -0.000500838925
0.000433175228 0.000994646520 -0.001739822137 0.000994646520 0.002465941717 -0.000440126066 -0.001739822137 -0.000440126066 0.000022419041
0.000891328369 0.000795902376 -0.001577726889 0.000795902376 0.002616178774 -0.000283646239 -0.001577726889 -0.000283646239 0.000135966354
-0.000042725244 0.000999092249 -0.001585022924 0.000999092249 0.001166666480 -0.000109717616 -0.001585022924 -0.000109717616 -0.001049603801
-0.000862244221 0.001192446995 -0.001597578135 0.001192446995 -0.000158953049 0.000054673160 -0.001597578135 0.000054673160 -0.002137471460
-0.000977319368 0.001236765781 -0.001554322791 0.001236765781 -0.000760647447 0.000194539488 -0.001554322791 0.000194539488 -0.002602365315
-0.000823347396 0.001237530184 -0.001513370286 0.001237530184 -0.001074530355 0.000313601235 -0.001513370286 0.000313601235 -0.002841747895
-0.000638752965 0.001233881762 -0.001487529430 0.001233881762 -0.001273690366 0.000402594544 -0.001487529430 0.000402594544 -0.003017530231
-0.000457306341 0.001274262697 -0.001484783388 0.001274262697 -0.001455086475 0.000478310476 -0.001484783388 0.000478310476 -0.003154402408
-0.000276145277 0.001325835551 -0.001501487340 0.001325835551 -0.001645511352 0.000530030103 -0.001501487340 0.000530030103 -0.003270977448
-0.000174600539 0.001349081204 -0.001514559416 0.001349081204 -0.001839471063 0.000561034752 -0.001514559416 0.000561034752 -0.003370018684
-0.000268410890 0.001353954463 -0.001521180417 0.001353954463 -0.001974472237 0.000577521798 -0.001521180417 0.000577521798 -0.003455912951
-0.000504988597 0.001318975772 -0.001495135199 0.001318975772 -0.002125083940 0.000595590490 -0.001495135199 0.000595590490 -0.003537741617
-0.000744770830 0.001251681327 -0.001436093679 0.001251681327 -0.002329475017 0.000622425860 -0.001436093679 0.000622425860 -0.003623585618
-0.001021379952 0.001167391093 -0.001371224231 0.001167391093 -0.002515129930 0.000649497929 -0.001371224231 0.000649497929 -0.003727157594
-0.001316784028 0.001086298840 -0.001323241968 0.001086298840 -0.002682848397 0.000646247582 -0.001323241968 0.000646247582 -0.003818770201
-0.001557081598 0.000974850523 -0.001289299219 0.000974850523 -0.002858792689 0.000646213755 -0.001289299219 0.000646213755 -0.003912279249
-0.001779114314 0.000916335492 -0.001259787492 0.000916335492 -0.002998968531 0.000615946755 -0.001259787492 0.000615946755 -0.004007826676
-0.001999992214 0.000869859328 -0.001230785967 0.000869859328 -0.003116966723 0.000591995440 -0.001230785967 0.000591995440 -0.004101873944
-0.002152554795 0.000815585021 -0.001209079453 0.000815585021 -0.003233716917 0.000550752826 -0.001209079453 0.000550752826 -0.004209027295
-0.002330704121 0.000826162026 -0.001194055755 0.000826162026 -0.003310404051 0.000517350850 -0.001194055755 0.000517350850 -0.004304269761
-0.002409011105 0.000832336531 -0.001182329930 0.000832336531 -0.003378475536 0.000473491048 -0.001182329930 0.000473491048 -0.004395574696
-0.002507043951 0.000818902836 -0.001165640188 0.000818902836 -0.003420552311 0.000433808805 -0.001165640188 0.000433808805 -0.004485427843
-0.002575681371 0.000824881677 -0.001153423057 0.000824881677 -0.003444603699 0.000377540526 -0.001153423057 0.000377540526 -0.004576408221
-0.002616679928 0.000839352790 -0.001121488224 0.000839352790 -0.003458326171 0.000336303522 -0.001121488224 0.000336303522 -0.004648672581
-0.002577796419 0.000816986928 -0.001091233543 0.000816986928 -0.003482364472 0.000303990649 -0.001091233543 0.000303990649 -0.004712556704
-0.002544855456 0.000815063060 -0.001053889451 0.000815063060 -0.003492528649 0.000269064018 -0.001053889451 0.000269064018 -0.004770396145
-0.002484011124 0.000832693690 -0.001015855557 0.000832693690 -0.003488204694 0.000242454782 -0.001015855557 0.000242454782 -0.004820245499
-0.002387646761 0.000867970283 -0.000967504648 0.000867970283 -0.003503909517 0.000249899497 -0.000967504648 0.000249899497 -0.004851812667
-0.002250270937 0.000895440297 -0.000916997128 0.000895440297 -0.003530452943 0.000265421814 -0.000916997128 0.000265421814 -0.004860936291
-0.002089876058 0.000924446804 -0.000866382419 0.000924446804 -0.003547784743 0.000296333620 -0.000866382419 0.000296333620 -0.004867373600
-0.001857618300 0.000935696496 -0.000817037000 0.000935696496 -0.003624840103 0.000299477127 -0.000817037000 0.000299477127 -0.004873071132
-0.001650243865 0.000970584918 -0.000762309092 0.000970584918 -0.003665732936 0.000325126810 -0.000762309092 0.000325126810 -0.004836664461
-0.001405919811 0.001006141274 -0.000697243730 0.001006141274 -0.003724118903 0.000347462845 -0.000697243730 0.000347462845 -0.004777228083
-0.001167672351 0.001042416411 -0.000637104365 0.001042416411 -0.003755406309 0.000375992274 -0.000637104365 0.000375992274 -0.004713105565
-0.000960179605 0.001061296795 -0.000591302320 0.001061296795 -0.003785952783 0.000380841299 -0.000591302320 0.000380841299 -0.004644560981
-0.000809006646 0.001096870323 -0.000551842046 0.001096870323 -0.003825582291 0.000376365579 -0.000551842046 0.000376365579 -0.004553072563
-0.000695112419 0.001104971339 -0.000509718274 0.001104971339 -0.003838318646 0.000375904300 -0.000509718274 0.000375904300 -0.004455868454
-0.000616971206 0.001121299134 -0.000493780840 0.001121299134 -0.003829712983 0.000352312033 -0.000493780840 0.000352312033 -0.004354619545
-0.000578950614 0.001139673064 -0.000498432617 0.001139673064 -0.003811597532 0.000310190263 -0.000498432617 0.000310190263 -0.004225500314
-0.000534236542 0.001139347735 -0.000503217831 0.001139347735 -0.003825457246 0.000276405243 -0.000503217831 0.000276405243 -0.004114260761
-0.000485459470 0.001175350110 -0.000513033243 0.001175350110 -0.003808813268 0.000239057548 -0.000513033243 0.000239057548 -0.003994143647
-0.000422204275 0.001196461435 -0.000534002894 0.001196461435 -0.003792066763 0.000183558267 -0.000534002894 0.000183558267 -0.003866900330
-0.000371592415 0.001207357886 -0.000561449975 0.001207357886 -0.003761823435 0.000120536969 -0.000561449975 0.000120536969 -0.003731976280
-0.000281006555 0.001248719647 -0.000580563294 0.001248719647 -0.003727674103 0.000076303856 -0.000580563294 0.000076303856 -0.003621299044
-0.000194844650 0.001293018352 -0.000593124125 0.001293018352 -0.003673810999 0.000028811381 -0.000593124125 0.000028811381 -0.003506579714
-0.000090728176 0.001326991205 -0.000612766427 0.001326991205 -0.003622033035 -0.000033829716 -0.000612766427 -0.000033829716 -0.003383623403
-0.000006345520 0.001353764302 -0.000638166036 0.001353764302 -0.003566362239 -0.000081590457 -0.000638166036 -0.000081590457 -0.003259142252
0.000084748950 0.001389887154 -0.000652700461 0.001389887154 -0.003473765076 -0.000125555953 -0.000652700461 -0.000125555953 -0.003155573265
0.000194836398 0.001430894347 -0.000662190182 0.001430894347 -0.003381980674 -0.000166383186 -0.000662190182 -0.000166383186 -0.003065090327
0.000277104260 0.001442888035 -0.000668909187 0.001442888035 -0.003287941688 -0.000196729668 -0.000668909187 -0.000196729668 -0.002965527622
0.000384181643 0.001465771494 -0.000661455846 0.001465771494 -0.003209457023 -0.000202750982 -0.000661455846 -0.000202750982 -0.002858554660
0.000457896170 0.001483012883 -0.000653342346 0.001483012883 -0.003112444778 -0.000221486026 -0.000653342346 -0.000221486026 -0.002776036557
0.000524910775 0.001498265752 -0.000631428210 0.001498265752 -0.003010100013 -0.000233456459 -0.000631428210 -0.000233456459 -0.002709218368
0.000559118383 0.001500228461 -0.000604039203 0.001500228461 -0.002906002567 -0.000220676148 -0.000604039203 -0.000220676148 -0.002646976142
0.000590171567 0.001514813430 -0.000566539077 0.001514813430 -0.002824254760 -0.000202004778 -0.000566539077 -0.000202004778 -0.002602710589
0.000631709925 0.001498853068 -0.000523499347 0.001498853068 -0.002708812087 -0.000194289888 -0.000523499347 -0.000194289888 -0.002544772368
0.000702304831 0.001470543136 -0.000475891752 0.001470543136 -0.002493646679 -0.000165593194 -0.000475891752 -0.000165593194 -0.002411237522
0.000922182058 0.001410900476 -0.000463171012 0.001410900476 -0.002000016435 -0.000136105378 -0.000463171012 -0.000136105378 -0.002113155986
0.001346828186 0.001255647533 -0.000492491041 0.001255647533 -0.001068839791 -0.000106768711 -0.000492491041 -0.000106768711 -0.001535237840
0.001743672173 0.001151451896 -0.000494184542 0.001151451896 -0.000231084680 -0.000067445767 -0.000494184542 -0.000067445767 -0.001010159946
0.001745524297 0.001178063076 -0.000413284201 0.001178063076 -0.000147550627 -0.000065098472 -0.000413284201 -0.000065098472 -0.000994498438
0.001514663088 0.001270521859 -0.000303670531 0.001270521859 -0.000455084013 -0.000098634303 -0.000303670531 -0.000098634303 -0.001252829339
0.001311137799 0.001378659376 -0.000197832464 0.001378659376 -0.000726996291 -0.000137030216 -0.000197832464 -0.000137030216 -0.001477960197
0.001190696694 0.001472300795 -0.000104814517 0.001472300795 -0.000830050931 -0.000174496222 -0.000104814517 -0.000174496222 -0.001623517954
0.001167522936 0.001557631048 -0.000023283729 0.001557631048 -0.000788811513 -0.000206056042 -0.000023283729 -0.000206056042 -0.001677213396
0.001209194131 0.001648445617 0.000056163682 0.001648445617 -0.000640525398 -0.000221217660 0.000056163682 -0.000221217660 -0.001672590453
0.001308662624 0.001719519033 0.000133784117 0.001719519033 -0.000386735239 -0.000231563095 0.000133784117 -0.000231563095 -0.001607415816
0.001442033846 0.001747894601 0.000213348634 0.001747894601 -0.000093570539 -0.000229049650 0.000213348634 -0.000229049650 -0.001484849725
0.001613264778 0.001699555970 0.000271612578 0.001699555970 0.000252985974 -0.000220405927 0.000271612578 -0.000220405927 -0.001268553314
0.002847917642 0.001842493245 0.000200611721 0.001842493245 0.001875926613 -0.000137747774 0.000200611721 -0.000137747774 -0.000244425270
0.002580203097 0.001557459640 0.000290661492 0.001557459640 0.001760384206 -0.000172765064 0.000290661492 -0.000172765064 -0.000279283402
0.002348572306 0.001318760806 0.000383582927 0.001318760806 0.001620580829 -0.000219369897 0.000383582927 -0.000219369897 -0.000339869962
0.002364640753 0.001321008766 0.000478416193 0.001321008766 0.001447876244 -0.000252703656 0.000478416193 -0.000252703656 -0.000423548780
0.002176335665 0.001405778780 0.000615764727 0.001405778780 0.000846146730 -0.000320147526 0.000615764727 -0.000320147526 -0.000815332667
0.002181266608 0.001470318335 0.000728993429 0.001470318335 0.000516511876 -0.000378618221 0.000728993429 -0.000378618221 -0.001072973780
0.002436111120 0.001497334133 0.000810247557 0.001497334133 0.000585725942 -0.000417492717 0.000810247557 -0.000417492717 -0.001081475726
0.002766511108 0.001478463461 0.000865153599 0.001478463461 0.000816800235 -0.000439702763 0.000865153599 -0.000439702763 -0.000979769477
0.003008145606 0.001427860583 0.000904033305 0.001427860583 0.001034421603 -0.000465925219 0.000904033305 -0.000465925219 -0.000856099160
0.003145621942 0.001356829615 0.000916968556 0.001356829615 0.001192138432 -0.000495657277 0.000916968556 -0.000495657277 -0.000736906113
0.003169687562 0.001311913807 0.000910966613 0.001311913807 0.001312719694 -0.000517512650 0.000910966613 -0.000517512650 -0.000639742134
0.003150211817 0.001284527186 0.000889756038 0.001284527186 0.001423340288 -0.000535421756 0.000889756038 -0.000535421756 -0.000551928050
0.003120082516 0.001244913058 0.000853021192 0.001244913058 0.001559726095 -0.000560678208 0.000853021192 -0.000560678208 -0.000444923435
0.003126248137 0.001186295255 0.000812010269 0.001186295255 0.001735009840 -0.000579999176 0.000812010269 -0.000579999176 -0.000323696746
0.003177406994 0.001118728571 0.000768315622 0.001118728571 0.001931294603 -0.000598889653 0.000768315622 -0.000598889653 -0.000171831315
0.003281678459 0.001073765189 0.000735231871 0.001073765189 0.002158557568 -0.000605706759 0.000735231871 -0.000605706759 0.000009697981
0.003408404608 0.001012410263 0.000703452754 0.001012410263 0.002433140913 -0.000607366047 0.000703452754 -0.000607366047 0.000268143050
0.003564475881 0.000920346054 0.000664328078 0.000920346054 0.002739126938 -0.000615202936 0.000664328078 -0.000615202936 0.000560057164
0.003647370001 0.000842121438 0.000626037579 0.000842121438 0.002907889510 -0.000602670680 0.000626037579 -0.000602670680 0.000759865907
0.003635514710 0.000796120419 0.000599276727 0.000796120419 0.002893184057 -0.000566028348 0.000599276727 -0.000566028348 0.000768774211
0.003545603256 0.000737532889 0.000563695949 0.000737532889 0.002755733974 -0.000539179607 0.000563695949 -0.000539179607 0.000684068737
0.003441829508 0.000649509252 0.000524078244 0.000649509252 0.002633681322 -0.000523435860 0.000524078244 -0.000523435860 0.000569328878
0.003303023534 0.000588180520 0.000514934142 0.000588180520 0.002561625569 -0.000489845577 0.000514934142 -0.000489845577 0.000469964480
0.003179541863 0.000526865555 0.000516274391 0.000526865555 0.002523683460 -0.000434868577 0.000516274391 -0.000434868577 0.000396531797
0.003036711204 0.000482947215 0.000551234833 0.000482947215 0.002518123921 -0.000404689885 0.000551234833 -0.000404689885 0.000338495857
0.002915731448 0.000406600027 0.000594117331 0.000406600027 0.002533951638 -0.000395123528 0.000594117331 -0.000395123528 0.000291540285
0.002802715009 0.000367548869 0.000660473897 0.000367548869 0.002560515746 -0.000372504419 0.000660473897 -0.000372504419 0.000260460797
0.002715049697 0.000323841459 0.000742815410 0.000323841459 0.002628192760 -0.000349722037 0.000742815410 -0.000349722037 0.000263294717
0.002735899660 0.000314882282 0.000821590161 0.000314882282 0.002823780265 -0.000331618742 0.000821590161 -0.000331618742 0.000334392622
0.003435558443 0.000474753913 0.000855226397 0.000474753913 0.003786488218 -0.000279835480 0.000855226397 -0.000279835480 0.000828216827
0.005179682178 0.000872184856 0.000828276797 0.000872184856 0.005994030156 -0.000200578782 0.000828276797 -0.000200578782 0.001981799602
0.002792129153 0.000289360811 0.001072372647 0.000289360811 0.003279070021 -0.000285816747 0.001072372647 -0.000285816747 0.000588247225
0.002565263430 0.000209039185 0.001183169222 0.000209039185 0.003137344315 -0.000282626976 0.001183169222 -0.000282626976 0.000571376224
0.002648470512 0.000185670046 0.001275632669 0.000185670046 0.003353265579 -0.000272682382 0.001275632669 -0.000272682382 0.000766720381
0.002912332686 0.000112257923 0.001381699034 0.000112257923 0.003801608121 -0.000319066490 0.001381699034 -0.000319066490 0.001137564482
0.003729949632 -0.000121885698 0.001563004017 -0.000121885698 0.004954886008 -0.000520397027 0.001563004017 -0.000520397027 0.002060489356
0.004253342381 -0.000294335937 0.001693505158 -0.000294335937 0.005614724359 -0.000669390535 0.001693505158 -0.000669390535 0.002607502831
0.004067899103 -0.000279096387 0.001704648336 -0.000279096387 0.005254180853 -0.000648341734 0.001704648336 -0.000648341734 0.002369965832
0.003844376736 -0.000229879533 0.001696533519 -0.000229879533 0.004852396008 -0.000605298889 0.001696533519 -0.000605298889 0.002105670906
0.002905570122 0.000042048495 0.001559857233 0.000042048495 0.003472555182 -0.000354423082 0.001559857233 -0.000354423082 0.001093782025
0.002130670382 0.000296419729 0.001433574637 0.000296419729 0.002345208191 -0.000114705680 0.001433574637 -0.000114705680 0.000266466881
0.001975280095 0.000406976898 0.001389666303 0.000406976898 0.002082495373 -0.000012281444 0.001389666303 -0.000012281444 0.000096045720
0.002019341499 0.000484183973 0.001360752963 0.000484183973 0.002067874083 0.000050714580 0.001360752963 0.000050714580 0.000106238602
0.002149287349 0.000564718569 0.001328337098 0.000564718569 0.002132927971 0.000108527976 0.001328337098 0.000108527976 0.000156549783
0.002367114131 0.000650381146 0.001289012469 0.000650381146 0.002277118792 0.000160585516 0.001289012469 0.000160585516 0.000237445560
0.002708834645 0.000726168589 0.001249073828 0.000726168589 0.002530752607 0.000197214887 0.001249073828 0.000197214887 0.000379255484
0.003223696998 0.000771228705 0.001217392394 0.000771228705 0.002934521032 0.000217369152 0.001217392394 0.000217369152 0.000604036826
0.003883894396 0.000769608849 0.001189221095 0.000769608849 0.003456824440 0.000217776621 0.001189221095 0.000217776621 0.000904176062
0.004475343319 0.000750330523 0.001157634712 0.000750330523 0.003899607239 0.000221036080 0.001157634712 0.000221036080 0.001171524420
0.004802970046 0.000739963553 0.001114555378 0.000739963553 0.004078312592 0.000250033536 0.001114555378 0.000250033536 0.001324720803
0.004882274243 0.000724914548 0.001072908835 0.000724914548 0.004027854275 0.000306339047 0.001072908835 0.000306339047 0.001380924244
0.004875783592 0.000683877282 0.001038169786 0.000683877282 0.003872070396 0.000377812270 0.001038169786 0.000377812270 0.001399025841
0.004898264688 0.000624859335 0.001022996627 0.000624859335 0.003715532511 0.000457132137 0.001022996627 0.000457132137 0.001426495849
0.004994231126 0.000550250156 0.001034180983 0.000550250156 0.003615293664 0.000537960001 0.001034180983 0.000537960001 0.001497341025
0.005159726267 0.000456461453 0.001055507212 0.000456461453 0.003568358028 0.000601959855 0.001055507212 0.000601959855 0.001602698177
0.005303359640 0.000368425431 0.001085393555 0.000368425431 0.003551920437 0.000665875720 0.001085393555 0.000665875720 0.001704162097
0.005302304521 0.000326523468 0.001088591202 0.000326523468 0.003471224826 0.000748610245 0.001088591202 0.000748610245 0.001750172362
0.004998016136 0.000367804085 0.001042453835 0.000367804085 0.003190838637 0.000866297827 0.001042453835 0.000866297827 0.001670802732
0.004345861867 0.000507220701 0.000954909447 0.000507220701 0.002696487112 0.001020166399 0.000954909447 0.001020166399 0.001443740617
