1.989487890500 -0.006277101476 -0.032199698858 -0.006277101476 3.004937252173 0.485529920745 -0.032199698858 0.485529920745 3.543848143267
1.716481125728 -0.009796857385 -0.039300589760 -0.009796857385 2.308440600730 0.203647040965 -0.039300589760 0.203647040965 2.827892012893
1.576687606992 -0.015263467896 -0.024581090948 -0.015263467896 2.085647174447 0.129652079845 -0.024581090948 0.129652079845 2.441711596868
1.512245475862 -0.008774431110 -0.021891964372 -0.008774431110 2.021751903881 0.092905218388 -0.021891964372 0.092905218388 2.231029549342
1.358354395774 0.001492243064 -0.029315659521 0.001492243064 1.821960786415 0.071157731486 -0.029315659521 0.071157731486 1.950108738325
1.215295006938 0.008084739572 -0.019559483648 0.008084739572 1.698453571169 0.066388902740 -0.019559483648 0.066388902740 1.710390261921
1.123687905861 0.002787650991 -0.006382274409 0.002787650991 1.576032174026 0.055795103030 -0.006382274409 0.055795103030 1.525305505249
0.941349951545 -0.019188673228 0.002519697354 -0.019188673228 1.283373943010 0.040066431685 0.002519697354 0.040066431685 1.237205298327
